# Created by Octave 8.3.0, Thu Feb 12 09:47:35 2026 GMT <unknown@w10prog-45>
# name: Delt
# type: scalar
95.272650848977378


# name: GlComp
# type: matrix
# rows: 11
# columns: 1
 0.035305594804226757
 0.046771921092627386
 0.048953291513389265
 0.61556249852100742
 0.24277452925483708
 0.73685129246517744
 0.095893176429320104
 0.00016944863048107996
 0.017910770099051333
 0.05952332821548334
 0.017425168262079013


# name: R
# type: matrix
# rows: 11
# columns: 11
 1 0.44319816765218434 0.45229490451462429 0.44778574398701215 0.38123438492617634 0.46515996724271585 0.31487196949956175 0.065579059715437885 0.29153208678640502 0.48811401449659142 0.39815406859904828
 0.44319816765218434 0.99999999999999989 0.8531887570178025 0.85331179766303822 0.86239869432519012 0.85436143444131896 0.55145031641699338 0.02508228477404556 0.4234817161148543 0.82169935265535266 0.26183179996651279
 0.45229490451462429 0.8531887570178025 0.99999999999999978 0.84659512986297769 0.88650646533186173 0.90334579269862147 0.55090747255786887 0.0038839917339619496 0.44396331197981709 0.78358259317862666 0.26408264752557586
 0.44778574398701215 0.85331179766303822 0.84659512986297769 0.99999999999999989 0.87038370623264705 0.93848577636557906 0.70923538858295065 0.04949976314629935 0.45872542676610983 0.85183168318991009 0.34419835599003928
 0.38123438492617634 0.86239869432519012 0.88650646533186173 0.87038370623264705 1 0.93604557290623247 0.57668068139456297 0.037561879571732841 0.38321833210304451 0.77266304851662193 0.18750522316731627
 0.46515996724271585 0.85436143444131896 0.90334579269862147 0.93848577636557906 0.93604557290623247 1 0.63033410580578253 0.047121160752318141 0.47592088638606911 0.83810082277586495 0.33118231321427249
 0.31487196949956175 0.55145031641699338 0.55090747255786887 0.70923538858295065 0.57668068139456297 0.63033410580578253 0.99999999999999989 0.07944759746102098 0.41877952801291801 0.62936148090762123 0.28287321604210414
 0.065579059715437885 0.02508228477404556 0.0038839917339619496 0.04949976314629935 0.037561879571732841 0.047121160752318141 0.07944759746102098 0.99999999999999978 0.047985426997945384 0.056461830989043199 0.13662419273378607
 0.29153208678640502 0.4234817161148543 0.44396331197981709 0.45872542676610983 0.38321833210304451 0.47592088638606911 0.41877952801291801 0.047985426997945384 1 0.62615652475059513 0.45536892800717149
 0.48811401449659142 0.82169935265535266 0.78358259317862666 0.85183168318991009 0.77266304851662193 0.83810082277586495 0.62936148090762123 0.056461830989043199 0.62615652475059513 0.99999999999999989 0.38799411442531923
 0.39815406859904828 0.26183179996651279 0.26408264752557586 0.34419835599003928 0.18750522316731627 0.33118231321427249 0.28287321604210414 0.13662419273378607 0.45536892800717149 0.38799411442531923 1


# name: Res
# type: matrix
# rows: 290
# columns: 1
 92.541635925649857
 73.432512677749841
 5.8854681503252957
 35.300392959417614
 70.208099521539381
 28.09619089405912
 87.136298062438058
 79.776498700722357
 36.243011497897875
 18.249808135292128
 49.666520314814996
 45.067094755847471
 81.785391761649933
 5.555861590574926
 105.36136555107353
 4.5754600060262574
 381.20402121272548
 26.71274714975743
 8.0376180755773223
 119.62779472296823
 10.061484978622037
 63.762946666358637
 9.0876581455392937
 41.684104549565888
 35.907417465940668
 76.139589080861583
 23.752549518721601
 142.21616913333904
 67.755800865314029
 20.597788392627454
 76.818770640491906
 104.28492270336443
 18.541600534711165
 4.4739830311089541
 3.5808784384807684
 224.75859668657881
 26.863645462460582
 212.91132427414962
 50.921549147641407
 33.628253908937559
 42.168327293333675
 103.70112905168189
 136.06080944761763
 713.71176432907748
 34.02723453350864
 4.1022889812288543
 27.086729953652519
 2.6675413674902746
 2.4975555888882566
 103.82922101584847
 7.4607153391308003
 34.755449129294171
 4.3597361717953724
 5.7411866590168872
 15.989431601973386
 45.39979838874212
 2.4622499940840297
 6.4243896391024844
 66.503024074945188
 73.93554205640892
 11.13052977279346
 3.6842564623258873
 9.970486308596179
 28.031418638438357
 1.3524137909861849
 40.905329773450561
 11.722703327978142
 30.793454814223281
 42.716264445127777
 10.023429271629675
 32.2604908433687
 25.495268890918133
 36.870098268919158
 42.948416145711178
 87.963237780170616
 228.66898137140336
 99.14609739615085
 28.749899047688317
 9.6221604955623583
 1.3599744340314963
 54.213639662040983
 107.54774204621559
 116.10642668163953
 299.10289009945313
 14.333164188053123
 20.479492937168718
 144.90879356232853
 14.952534926853547
 25.976099063048697
 268.14942888153365
 12.353605117127263
 4.5261194600205421
 104.66465531746005
 91.264814279144346
 209.32993996980605
 196.45292601547951
 4.8121245133353874
 1.3877193857904118
 50.732953847811913
 118.63317892161922
 212.52867877725831
 37.744725076258661
 30.102472737076333
 320.66995990736939
 0
 41.450043800049158
 141.12302634351909
 405.34735889630423
 12.875246596248049
 117.61215004335874
 8.989886346283587
 74.655249731139733
 89.566395079601378
 37.992597924131267
 40.59970140573666
 37.33946456340373
 142.92878024339251
 9.1226071328207876
 53.463842507936675
 93.289531857664741
 57.155318977104947
 19.139209149164479
 5.491474362928022
 85.213352051896422
 170.64296869048243
 90.453986416822985
 57.810668949068265
 7.372960869699039
 9.6149436361989018
 1.8466874955630224
 17.646937168660443
 153.9106704600498
 119.83595362890672
 5.0102103823876121
 2.6919592875787388
 379.30088960385848
 13.497202921837413
 2.4622499940840297
 19.718181528500669
 200.66778335500246
 93.618235424454824
 25.650544306551769
 26.344823475312058
 65.285854317045036
 21.514761065342277
 176.51000251353722
 1898.8845228215928
 91.241365337039667
 304.55239441211802
 6.3559762863091471
 3.4394367369243435
 158.85958764031827
 187.80205916049374
 26.561371443740278
 8.6579066833738327
 110.31670325702852
 21.286646917799406
 8.0284995467771658
 76.976886653483675
 148.32017025573089
 97.178360581603513
 6.7131231626753793
 88.631285428268697
 333.40462890608813
 27.838269247385249
 11.662868510778281
 0
 71.250153770621324
 0.36975704518481445
 10.360736100849863
 3.8550893718829378
 81.56871537961527
 54.636551996442606
 23.501931410658017
 90.446620330135303
 57.162094674663756
 162.85019570045193
 305.87456481270823
 6.3232992646324977
 59.415850608608686
 46.96620517418436
 56.660854548950425
 815.67531191412809
 47.723187876178478
 277.02147094885459
 328.08621453649835
 113.59045446280535
 11.709047267226461
 33.969900421808461
 0.91337926648631118
 122.6719121684235
 59.978743777996478
 7.4910570826031044
 12.504247793778784
 24.208529334781176
 400.11096439619723
 263.57636182691419
 25.930889244374686
 36.89525907988147
 254.78377397653864
 6.8701380642967935
 12.625935148701478
 23.783568443866546
 3.1598900085018911
 5.1518266443375138
 0
 106.7657106268355
 15.783444916417167
 30.701284496283378
 64.989933394312899
 43.087958480027403
 31.124284815657507
 5.1717605260252606
 48.085148256051731
 5.3478896982160524
 2.1245706782555889
 0.082077515896854136
 21.63560271729294
 52.05707618888124
 25.625191640930638
 9.7502283238654197
 36.202865201875284
 4.6266525709075728
 3.190573581848541
 9.5782910010744899
 6.3748960235107051
 3.6844534036923839
 5.784828944256013
 8.236759929716996
 6.8725982179251242
 41.304826089961779
 1.988474061881182
 7.5713162902258828
 1.2311249970420148
 5.0810943769164556
 21.54744025859835
 30.299927046128118
 45.503739922824778
 9.0939116262706268
 10.369657688283523
 7.1259353367634342
 14.133227984399353
 26.10241649693037
 5.0719758481162991
 12.085285661455652
 0.71346908154778599
 0.67508582673649076
 4.0925469677627815
 7.4541019651006604
 184.66399113591771
 10.455368082503076
 7.4481290123664019
 6.2425209403306789
 8.8601797622620531
 39.991950776061735
 6.8910255886512681
 5.1607089278752616
 15.489599256935447
 5.5904672861043938
