#Вторая лаба отчет

###Читаю файл и проверяю размер матрицы

XX=load('dan_vuz.txt')
size(XX)

ans =

   290    15

>>

###Данные о скольких вузах России представлены в этой матрице?

290

###Выделите в отдельную матрицу данные о показателях результативности:

X=XX(:,3:13)

###Рассчитайте матрицу корреляций между показателями результативности:

R=corr(X)

R =

 Columns 1 through 10:

   1.0000e+00   4.4320e-01   4.5229e-01   4.4779e-01   3.8123e-01   4.6516e-01   3.1487e-01   6.5579e-02   2.9153e-01   4.8811e-01
   4.4320e-01   1.0000e+00   8.5319e-01   8.5331e-01   8.6240e-01   8.5436e-01   5.5145e-01   2.5082e-02   4.2348e-01   8.2170e-01
   4.5229e-01   8.5319e-01   1.0000e+00   8.4660e-01   8.8651e-01   9.0335e-01   5.5091e-01   3.8840e-03   4.4396e-01   7.8358e-01
   4.4779e-01   8.5331e-01   8.4660e-01   1.0000e+00   8.7038e-01   9.3849e-01   7.0924e-01   4.9500e-02   4.5873e-01   8.5183e-01
   3.8123e-01   8.6240e-01   8.8651e-01   8.7038e-01   1.0000e+00   9.3605e-01   5.7668e-01   3.7562e-02   3.8322e-01   7.7266e-01
   4.6516e-01   8.5436e-01   9.0335e-01   9.3849e-01   9.3605e-01   1.0000e+00   6.3033e-01   4.7121e-02   4.7592e-01   8.3810e-01
   3.1487e-01   5.5145e-01   5.5091e-01   7.0924e-01   5.7668e-01   6.3033e-01   1.0000e+00   7.9448e-02   4.1878e-01   6.2936e-01
   6.5579e-02   2.5082e-02   3.8840e-03   4.9500e-02   3.7562e-02   4.7121e-02   7.9448e-02   1.0000e+00   4.7985e-02   5.6462e-02
   2.9153e-01   4.2348e-01   4.4396e-01   4.5873e-01   3.8322e-01   4.7592e-01   4.1878e-01   4.7985e-02   1.0000e+00   6.2616e-01
   4.8811e-01   8.2170e-01   7.8358e-01   8.5183e-01   7.7266e-01   8.3810e-01   6.2936e-01   5.6462e-02   6.2616e-01   1.0000e+00
   3.9815e-01   2.6183e-01   2.6408e-01   3.4420e-01   1.8751e-01   3.3118e-01   2.8287e-01   1.3662e-01   4.5537e-01   3.8799e-01

 Column 11:

   3.9815e-01
   2.6183e-01
   2.6408e-01
   3.4420e-01
   1.8751e-01
   3.3118e-01
   2.8287e-01
   1.3662e-01
   4.5537e-01
   3.8799e-01
   1.0000e+00

>>

###Пусть для исследования результативности применяется метод главных компонент, основу которого составляет получение собственных значений и собственных векторов от квадратичной формы:

[vect,lambda]=eig(X'*X)

lambda =

Diagonal Matrix

 Columns 1 through 10:

   2.2947e+01            0            0            0            0            0            0            0            0            0
            0   1.9317e+03            0            0            0            0            0            0            0            0
            0            0   2.5940e+03            0            0            0            0            0            0            0
            0            0            0   3.4573e+03            0            0            0            0            0            0
            0            0            0            0   5.6252e+03            0            0            0            0            0
            0            0            0            0            0   8.6721e+03            0            0            0            0
            0            0            0            0            0            0   1.8915e+04            0            0            0
            0            0            0            0            0            0            0   4.7523e+04            0            0
            0            0            0            0            0            0            0            0   5.7484e+04            0
            0            0            0            0            0            0            0            0            0   2.2565e+05
            0            0            0            0            0            0            0            0            0            0

 Column 11:

            0
            0
            0
            0
            0
            0
            0
            0
            0
            0
   7.4946e+06

>>

Sobst=diag(lambda);

###Представьте их на экране с заголовком:

fprintf('Eigenvalues:\n %f \n',Sobst)

Eigenvalues:
 22.946585
Eigenvalues:
 1931.665464
Eigenvalues:
 2593.979592
Eigenvalues:
 3457.339562
Eigenvalues:
 5625.151474
Eigenvalues:
 8672.065947
Eigenvalues:
 18914.627989
Eigenvalues:
 47522.678185
Eigenvalues:
 57483.681267
Eigenvalues:
 225653.068540
Eigenvalues:
 7494628.795394
>>

###Выделите наибольшее собственное значение и соответствующий ему собственный вектор:

>> SobMax=Sobst(end)
SobMax = 7.4946e+06

 뫤גּ>> GlComp=vect(:,end)
